211 1001 1
192 1020 1
135 1021 1
195 1026 1
124 1141 1
134 1158 1
124 15 1
282 162 1
124 163 1
486 182 1
205 199 1
191 20 1
261 201 1
486 203 1
346 204 1
110 2174 1
191 2181 1
1 219 1
192 2191 1
404 2193 1
63 2194 1
236 2202 1
117 2215 1
90 2221 1
64 2245 1
195 2267 1
124 2270 1
205 23 1
64 2301 1
124 2328 1
64 2364 1
124 2365 1
26 2395 1
64 2410 1
64 2436 1
113 2440 1
261 2447 1
112 2469 1
64 2483 1
136 2488 1
227 2490 1
195 2512 1
195 2519 1
195 254 1
216 2566 1
211 2570 1
236 2607 1
205 2634 1
295 2656 1
79 2668 1
64 2710 1
191 2765 1
134 2778 1
295 2798 1
312 2838 1
124 2894 1
115 2932 1
124 2942 1
59 2967 1
90 2973 1
59 2981 1
191 2986 1
59 3012 1
29 302 1
33 3031 1
79 3042 1
236 3081 1
236 3112 1
59 3114 1
124 3141 1
52 3160 1
508 3184 1
236 3201 1
298 3209 1
531 3224 1
195 3229 1
424 3264 1
134 3286 1
182 3290 1
195 3296 1
195 3307 1
424 3308 1
192 3336 1
282 334 1
134 3342 1
124 3355 1
182 3366 1
211 3395 1
124 343 1
424 3482 1
486 3483 1
182 3487 1
404 3494 1
95 351 1
134 3519 1
195 3529 1
486 356 1
424 3565 1
486 358 1
195 3618 1
190 3639 1
261 3694 1
195 3722 1
531 3754 1
273 3759 1
486 377 1
135 3813 1
282 387 1
424 3912 1
424 3965 1
155 3988 1
41 4052 1
115 4090 1
79 4097 1
91 410 1
211 4121 1
27 4144 1
486 42 1
424 4274 1
236 428 1
41 4281 1
424 4335 1
424 4353 1
424 4359 1
216 4377 1
344 4391 1
196 4420 1
48 4425 1
117 4438 1
50 4440 1
195 4457 1
6 4467 1
195 4478 1
208 4480 1
494 4483 1
144 4488 1
195 4492 1
76 4499 1
408 4503 1
273 4511 1
112 4517 1
195 4520 1
261 4530 1
94 4535 1
258 4536 1
245 4537 1
195 4540 1
205 4544 1
79 4547 1
195 4556 1
424 4558 1
205 4562 1
41 4563 1
165 4567 1
195 4571 1
222 4573 1
6 4577 1
195 4579 1
91 4580 1
50 4581 1
163 4583 1
195 4585 1
211 4586 1
165 4590 1
91 4591 1
196 4592 1
94 4593 1
6 4594 1
195 4595 1
163 4596 1
227 4597 1
94 4598 1
195 4599 1
165 4602 1
117 4603 1
165 4604 1
163 4605 1
50 4606 1
125 4607 1
117 4608 1
36 4609 1
21 4610 1
405 4611 1
269 4612 1
94 4613 1
113 4614 1
189 4615 1
44 4616 1
49 4617 1
216 4618 1
8 4619 1
246 4620 1
180 4621 1
180 4622 1
136 4623 1
540 4624 1
77 4625 1
424 4626 1
210 4627 1
293 4628 1
211 4629 1
207 4630 1
424 4631 1
302 4632 1
266 4633 1
213 4634 1
424 4635 1
217 4636 1
94 4637 1
260 4638 1
43 4639 1
91 4640 1
193 4641 1
210 4642 1
210 4643 1
298 4644 1
205 4645 1
205 4646 1
211 4647 1
66 4648 1
208 4649 1
175 4650 1
211 4651 1
548 4652 1
191 4653 1
211 4654 1
424 4655 1
136 4656 1
136 4657 1
211 4658 1
73 4659 1
261 466 1
59 4660 1
18 4661 1
45 4662 1
185 4663 1
117 4664 1
553 4665 1
108 4666 1
232 4667 1
18 4668 1
298 4669 1
267 4670 1
267 4671 1
190 4672 1
205 4673 1
552 4674 1
188 4675 1
165 4676 1
36 4677 1
9 4678 1
211 4679 1
424 4680 1
43 4681 1
22 4682 1
192 4683 1
229 4684 1
147 4685 1
112 4686 1
229 4687 1
91 4688 1
205 4689 1
205 4690 1
231 4691 1
148 4692 1
188 4693 1
91 4694 1
211 4695 1
298 4696 1
298 4697 1
298 4698 1
215 4699 1
486 47 1
205 4700 1
229 4701 1
229 4702 1
62 4703 1
293 4704 1
232 4705 1
50 4706 1
44 4707 1
552 4708 1
91 4709 1
48 4710 1
193 4711 1
32 4712 1
125 4713 1
205 4714 1
163 4715 1
210 4716 1
9 4717 1
258 4718 1
91 4719 1
211 4720 1
211 4721 1
180 4722 1
424 4723 1
77 4724 1
102 4725 1
282 4726 1
134 4727 1
134 4728 1
91 4729 1
424 4730 1
42 4731 1
44 4732 1
76 4733 1
205 4734 1
269 4735 1
113 4736 1
424 4737 1
424 4738 1
246 4739 1
246 4740 1
546 4741 1
211 4742 1
211 4743 1
4 4744 1
215 4745 1
298 4746 1
136 4747 1
193 4748 1
279 4749 1
94 4750 1
424 4751 1
205 4752 1
195 4753 1
261 4754 1
211 4755 1
135 4756 1
561 4757 1
205 4758 1
147 4759 1
246 4760 1
424 4761 1
424 4762 1
105 4763 1
424 4764 1
205 4765 1
245 4766 1
44 4767 1
205 4768 1
404 4769 1
205 4770 1
193 4771 1
8 4772 1
29 4773 1
405 4774 1
94 4775 1
77 4776 1
29 4777 1
147 4778 1
532 4779 1
486 4780 1
293 4781 1
210 4782 1
215 4783 1
117 4784 1
94 4785 1
64 4786 1
424 4787 1
195 4788 1
21 4789 1
66 4790 1
424 4791 1
59 4792 1
4 4793 1
424 4794 1
232 4795 1
424 4796 1
205 4797 1
424 4798 1
205 4799 1
424 4800 1
101 4801 1
205 4802 1
147 4803 1
91 4804 1
48 4805 1
91 4806 1
211 4807 1
404 4808 1
44 4809 1
91 4810 1
8 4811 1
91 4812 1
205 4813 1
424 4814 1
290 4815 1
424 4816 1
112 4817 1
424 4818 1
404 4819 1
185 4820 1
211 4821 1
261 4822 1
211 4823 1
211 4824 1
211 4825 1
178 4826 1
230 4827 1
298 4828 1
205 4829 1
424 4830 1
16 4831 1
424 4832 1
195 4833 1
285 4834 1
285 4835 1
10 4836 1
205 4837 1
211 4838 1
208 4839 1
204 4840 1
91 4841 1
8 4842 1
8 4843 1
135 4844 1
258 4845 1
57 4846 1
210 4847 1
205 4848 1
222 4849 1
222 4850 1
424 4851 1
211 4852 1
535 4853 1
186 4854 1
91 4855 1
91 4856 1
185 4857 1
204 4858 1
195 4859 1
8 4860 1
561 4861 1
186 4862 1
211 4863 1
222 4864 1
293 4865 1
290 4866 1
284 4867 1
195 4868 1
537 4869 1
424 4870 1
36 4871 1
424 4872 1
211 4873 1
424 4874 1
405 4875 1
94 4876 1
424 4877 1
195 4878 1
123 4879 1
185 4880 1
49 4881 1
77 4882 1
8 4883 1
135 4884 1
424 4885 1
84 4886 1
293 4887 1
532 4888 1
253 4889 1
222 4890 1
3 4891 1
215 4892 1
215 4893 1
205 4894 1
21 4895 1
216 4896 1
48 4897 1
424 4898 1
424 4899 1
147 4900 1
147 4901 1
424 4902 1
268 4903 1
269 4904 1
57 4905 1
424 4906 1
424 4907 1
424 4908 1
105 4909 1
285 4910 1
285 4911 1
165 4912 1
21 4913 1
99 4914 1
285 4915 1
91 4916 1
91 4917 1
229 4918 1
99 4919 1
211 4920 1
211 4921 1
193 4922 1
91 4923 1
258 4924 1
258 4925 1
195 4926 1
205 4927 1
205 4928 1
8 4929 1
91 4930 1
91 4931 1
298 4932 1
102 4933 1
83 4934 1
189 4935 1
404 4936 1
57 4937 1
8 4938 1
8 4939 1
486 494 1
222 4940 1
222 4941 1
104 4942 1
243 4944 1
186 4945 1
424 4946 1
211 4947 1
189 4948 1
66 4949 1
44 4950 1
535 4951 1
192 4952 1
535 4953 1
147 4954 1
293 4955 1
43 4956 1
193 4957 1
91 4958 1
138 4959 1
138 4960 1
138 4961 1
424 4962 1
211 4963 1
211 4964 1
44 4965 1
195 4966 1
424 4967 1
21 4968 1
424 4969 1
536 4970 1
266 4971 1
91 4972 1
204 4973 1
135 4974 1
43 4975 1
424 4976 1
424 4977 1
48 4978 1
540 4979 1
50 4980 1
424 4981 1
186 4982 1
91 4983 1
269 4984 1
99 4985 1
80 4986 1
21 4987 1
205 4988 1
211 4989 1
135 4990 1
5 4991 1
105 4992 1
275 4993 1
195 4994 1
43 4995 1
43 4996 1
77 4997 1
112 4998 1
208 4999 1
540 5000 1
268 5001 1
94 5002 1
561 5003 1
63 5004 1
94 5005 1
213 5006 1
424 5007 1
165 5008 1
165 5009 1
211 5010 1
424 5011 1
21 5012 1
424 5013 1
29 5014 1
208 5015 1
211 5016 1
8 5017 1
8 5018 1
215 5019 1
89 5020 1
424 5021 1
293 5022 1
424 5023 1
424 5024 1
222 5025 1
269 5026 1
52 5027 1
21 5028 1
195 5029 1
193 5030 1
211 5031 1
211 5032 1
94 5033 1
8 5034 1
8 5035 1
292 5036 1
165 5037 1
253 5038 1
112 5039 1
112 5040 1
112 5041 1
117 5042 1
21 5043 1
99 5044 1
99 5045 1
57 5046 1
91 5047 1
48 5048 1
136 5049 1
136 5050 1
48 5051 1
211 5052 1
99 5053 1
268 5054 1
424 5055 1
36 5056 1
91 5057 1
10 5058 1
175 5059 1
105 5060 1
275 5061 1
205 5062 1
21 5063 1
232 5064 1
258 5065 1
229 5066 1
229 5067 1
229 5068 1
298 5069 1
222 5070 1
222 5071 1
211 5072 1
105 5073 1
105 5074 1
536 5075 1
91 5076 1
69 5077 1
263 5078 1
9 5079 1
404 5080 1
424 5081 1
424 5082 1
424 5083 1
205 5084 1
77 5085 1
48 5086 1
8 5087 1
94 5088 1
231 5089 1
424 5090 1
178 5091 1
536 5092 1
281 5093 1
181 5094 1
561 5095 1
165 5096 1
211 5097 1
180 5098 1
66 5099 1
91 5100 1
211 5101 1
63 5102 1
261 5103 1
268 5104 1
245 5105 1
222 5106 1
424 5107 1
105 5108 1
424 5109 1
232 5111 1
195 5112 1
44 5113 1
195 5114 1
8 5115 1
424 5116 1
140 5117 1
424 5118 1
205 5119 1
215 5120 1
147 5121 1
210 5122 1
258 5123 1
105 5124 1
9 5125 1
36 5126 1
424 5127 1
188 5128 1
75 5129 1
29 5130 1
48 5131 1
424 5132 1
424 5133 1
215 5134 1
424 5135 1
424 5136 1
205 5137 1
135 5138 1
222 5139 1
57 5140 1
83 5141 1
117 5142 1
105 5143 1
117 5144 1
52 5145 1
77 5146 1
94 5147 1
211 5148 1
136 5149 1
136 5150 1
147 5151 1
147 5152 1
229 5153 1
94 5154 1
91 5155 1
192 5156 1
258 5157 1
204 5158 1
205 5159 1
312 516 1
75 5160 1
253 5161 1
8 5162 1
8 5163 1
229 5164 1
94 5165 1
94 5166 1
4 5167 1
43 5168 1
211 5169 1
69 5170 1
196 5171 1
424 5172 1
424 5173 1
424 5174 1
424 5175 1
192 5176 1
94 5177 1
159 5178 1
112 5179 1
8 5180 1
36 5181 1
101 5182 1
134 5183 1
94 5184 1
36 5185 1
222 5186 1
91 5187 1
215 5188 1
268 5189 1
43 5190 1
73 5191 1
207 5192 1
195 5193 1
50 5194 1
205 5195 1
8 5196 1
229 5197 1
561 5198 1
83 5199 1
186 5200 1
134 5201 1
424 5202 1
405 5203 1
249 5204 1
91 5205 1
424 5206 1
66 5207 1
135 5208 1
94 5209 1
69 521 1
57 5210 1
253 5211 1
210 5212 1
253 5213 1
229 5214 1
269 5215 1
267 5216 1
211 5217 1
186 5218 1
424 5219 1
486 522 1
424 5220 1
424 5221 1
207 5222 1
233 5223 1
66 5224 1
192 5225 1
424 5226 1
424 5227 1
424 5228 1
83 5229 1
424 5230 1
424 5231 1
253 5232 1
210 5233 1
43 5234 1
293 5235 1
298 5236 1
4 5237 1
424 5238 1
94 5239 1
424 5240 1
260 5241 1
195 5242 1
195 5243 1
195 5244 1
535 5245 1
186 5246 1
77 5247 1
57 5248 1
424 5249 1
94 5250 1
94 5251 1
268 5252 1
8 5253 1
195 5254 1
117 5255 1
117 5256 1
230 5257 1
195 5258 1
258 5259 1
8 5260 1
77 5261 1
217 5262 1
3 5263 1
101 5264 1
10 5265 1
205 5266 1
21 5267 1
21 5268 1
135 5269 1
135 5270 1
135 5271 1
424 5272 1
8 5273 1
424 5274 1
8 5275 1
424 5276 1
424 5277 1
195 5278 1
424 5279 1
205 5280 1
34 5281 1
101 5282 1
91 5283 1
290 5284 1
424 5285 1
424 5286 1
531 5287 1
43 5288 1
135 5289 1
195 5290 1
195 5291 1
205 5292 1
205 5293 1
91 5294 1
135 5295 1
243 5296 1
91 5297 1
222 5298 1
211 5299 1
502 5300 1
261 5301 1
502 5302 1
21 5303 1
10 5304 1
269 5305 1
424 5306 1
261 5307 1
66 5308 1
147 5309 1
99 5310 1
178 5311 1
8 5312 1
8 5313 1
246 5314 1
69 5315 1
275 5316 1
4 5317 1
91 5318 1
138 5319 1
404 5320 1
258 5321 1
195 5322 1
195 5323 1
180 5324 1
91 5325 1
91 5326 1
232 5327 1
195 5328 1
134 5329 1
204 5330 1
66 5331 1
48 5332 1
147 5333 1
57 5334 1
246 5335 1
57 5336 1
3 5337 1
253 5338 1
84 5339 1
185 5340 1
424 5341 1
5 5342 1
91 5343 1
10 5344 1
52 5345 1
266 5346 1
195 5347 1
91 5348 1
258 5349 1
134 5350 1
409 5351 1
409 5352 1
99 5353 1
424 5354 1
424 5355 1
127 5356 1
16 5357 1
253 5358 1
486 5359 1
405 5360 1
10 5361 1
91 5362 1
91 5363 1
48 5364 1
8 5365 1
135 5366 1
135 5367 1
101 5368 1
69 5369 1
127 5370 1
293 5371 1
5 5372 1
186 5373 1
210 5374 1
113 5375 1
94 5376 1
189 5377 1
4 5378 1
94 5379 1
8 5380 1
424 5381 1
48 5382 1
48 5383 1
246 5384 1
246 5385 1
36 5386 1
64 5387 1
40 5388 1
195 5389 1
195 5390 1
91 5391 1
57 5392 1
57 5393 1
424 5394 1
424 5395 1
43 5396 1
268 5397 1
243 5398 1
216 5399 1
210 5400 1
91 5401 1
91 5402 1
135 5403 1
261 5404 1
101 5405 1
424 5406 1
95 5407 1
91 5408 1
246 5409 1
135 5410 1
135 5411 1
273 5412 1
273 5413 1
210 5414 1
210 5415 1
424 5416 1
424 5417 1
102 5418 1
232 5419 1
165 5420 1
207 5421 1
298 5422 1
4 5423 1
204 5424 1
44 5425 1
91 5426 1
424 5427 1
77 5428 1
77 5429 1
424 5430 1
207 5431 1
210 5432 1
258 5433 1
230 5434 1
91 5435 1
125 5436 1
424 5437 1
424 5438 1
127 5439 1
211 5440 1
211 5441 1
66 5442 1
245 5443 1
122 5444 1
211 5445 1
424 5446 1
83 5447 1
57 5448 1
94 5449 1
424 5450 1
207 5451 1
127 5452 1
127 5453 1
253 5454 1
36 5455 1
285 5456 1
91 5457 1
424 5458 1
134 5459 1
91 5460 1
424 5461 1
147 5462 1
84 5463 1
79 5464 1
57 5465 1
232 5466 1
273 5467 1
222 5468 1
10 5469 1
59 547 1
127 5470 1
127 5471 1
258 5472 1
186 5473 1
134 5474 1
258 5475 1
229 5476 1
105 5477 1
48 5478 1
105 5479 1
52 5480 1
147 5481 1
195 5482 1
147 5483 1
424 5484 1
424 5485 1
273 5486 1
290 5487 1
293 5488 1
230 5489 1
229 5490 1
282 5491 1
298 5492 1
195 5493 1
211 5494 1
36 5495 1
36 5496 1
195 5497 1
90 5498 1
4 5499 1
424 5500 1
94 5501 1
424 5502 1
48 5503 1
8 5504 1
210 5505 1
245 5506 1
94 5507 1
83 5508 1
268 5509 1
298 5510 1
278 5511 1
211 5512 1
186 5513 1
8 5514 1
48 5515 1
48 5516 1
531 5517 1
8 5518 1
227 5519 1
182 5520 1
232 5521 1
94 5522 1
424 5523 1
207 5524 1
232 5525 1
205 5526 1
205 5527 1
21 5528 1
195 5529 1
211 5530 1
205 5531 1
205 5532 1
77 5533 1
50 5534 1
43 5535 1
57 5536 1
424 5537 1
91 5538 1
258 5539 1
293 5540 1
424 5541 1
232 5542 1
105 5543 1
44 5544 1
66 5545 1
211 5546 1
57 5547 1
61 5549 1
75 555 1
424 5550 1
424 5551 1
15 5552 1
293 5553 1
94 5554 1
117 5555 1
424 5556 1
229 5557 1
148 5558 1
94 5559 1
94 5560 1
189 5561 1
268 5562 1
548 5563 1
57 5564 1
57 5565 1
91 5566 1
91 5567 1
77 5568 1
211 5569 1
229 5570 1
215 5571 1
186 5572 1
207 5573 1
230 5574 1
232 5575 1
205 5576 1
10 5577 1
135 5578 1
135 5579 1
195 5580 1
94 5581 1
91 5582 1
211 5583 1
57 5584 1
57 5585 1
8 5586 1
79 5587 1
48 5588 1
293 5589 1
127 5590 1
424 5591 1
4 5592 1
115 5593 1
73 5594 1
269 5595 1
57 5596 1
57 5597 1
135 5598 1
196 5599 1
205 5600 1
205 5601 1
205 5602 1
77 5603 1
180 5604 1
105 5605 1
94 5606 1
531 5607 1
275 5608 1
253 5609 1
253 5610 1
10 5611 1
424 5612 1
94 5613 1
102 5614 1
102 5615 1
258 5616 1
135 5617 1
135 5618 1
8 5619 1
8 5620 1
253 5621 1
424 5622 1
424 5623 1
94 5624 1
94 5625 1
94 5626 1
36 5627 1
278 5628 1
278 5629 1
48 5630 1
134 5631 1
285 5632 1
205 5633 1
246 5634 1
246 5635 1
246 5636 1
57 5637 1
57 5638 1
424 5639 1
273 5640 1
232 5641 1
205 5642 1
205 5643 1
205 5644 1
52 5645 1
115 5646 1
48 5647 1
135 5648 1
21 5649 1
211 5650 1
21 5651 1
195 5652 1
424 5653 1
243 5654 1
94 5655 1
229 5656 1
94 5657 1
253 5658 1
84 5659 1
105 5660 1
4 5661 1
75 5662 1
195 5663 1
115 5664 1
101 5665 1
298 5666 1
232 5667 1
135 5668 1
52 5669 1
216 5670 1
9 5671 1
186 5672 1
8 5673 1
424 5674 1
79 5675 1
94 5676 1
135 5677 1
298 5678 1
101 5679 1
124 568 1
94 5680 1
215 5681 1
5 5682 1
424 5683 1
269 5684 1
211 5685 1
4 5686 1
205 5687 1
229 5688 1
298 5689 1
229 5690 1
147 5691 1
147 5692 1
102 5693 1
102 5694 1
117 5697 1
258 5698 1
258 5699 1
91 5700 1
91 5701 1
298 5702 1
298 5703 1
195 5704 1
91 5705 1
5 5706 1
94 5707 1
135 5708 1
9 5709 1
424 5710 1
195 5711 1
205 5712 1
77 5713 1
191 5714 1
424 5715 1
102 5716 1
196 5717 1
102 5718 1
102 5719 1
424 5720 1
235 5721 1
229 5722 1
36 5723 1
124 5724 1
424 5725 1
215 5727 1
215 5728 1
275 5729 1
260 5730 1
41 5731 1
91 5732 1
269 5733 1
135 5734 1
186 5735 1
8 5736 1
8 5737 1
48 5738 1
253 5739 1
293 5740 1
215 5741 1
424 5742 1
424 5743 1
132 5744 1
125 5745 1
127 5746 1
134 5747 1
83 5748 1
206 5749 1
211 5750 1
83 5751 1
195 5752 1
205 5753 1
8 5754 1
8 5755 1
8 5756 1
83 5757 1
83 5758 1
561 5759 1
273 5760 1
211 5761 1
136 5762 1
102 5763 1
290 5764 1
273 5765 1
246 5766 1
91 5767 1
215 5768 1
91 5769 1
66 5770 1
232 5771 1
232 5772 1
94 5773 1
535 5774 1
270 5775 1
77 5776 1
229 5777 1
210 5778 1
105 5779 1
105 5780 1
196 5781 1
215 5782 1
215 5783 1
424 5784 1
94 5785 1
195 5786 1
424 5787 1
424 5788 1
207 5789 1
229 5790 1
135 5791 1
135 5792 1
135 5793 1
269 5794 1
269 5795 1
127 5796 1
215 5797 1
261 5798 1
261 5799 1
135 5800 1
73 5801 1
424 5802 1
91 5803 1
232 5804 1
424 5805 1
94 5806 1
102 5807 1
102 5808 1
57 5809 1
424 5810 1
222 5811 1
268 5812 1
229 5813 1
540 5814 1
94 5815 1
211 5816 1
180 5817 1
552 5818 1
195 5819 1
165 5820 1
233 5821 1
9 5822 1
48 5823 1
232 5824 1
79 5825 1
205 5826 1
178 5827 1
424 5828 1
281 5829 1
195 5830 1
94 5831 1
540 5832 1
258 5833 1
281 5834 1
268 5835 1
210 5836 1
222 5837 1
75 5838 1
206 5839 1
136 5840 1
21 5841 1
195 5842 1
195 5843 1
206 5844 1
44 5845 1
205 5846 1
147 5847 1
48 5848 1
211 5849 1
102 5850 1
261 5851 1
231 5852 1
261 5853 1
215 5854 1
207 5855 1
211 5856 1
275 5857 1
65 5858 1
65 5859 1
245 5860 1
232 5861 1
232 5862 1
9 5863 1
52 5864 1
8 5865 1
8 5866 1
178 5867 1
211 5868 1
178 5869 1
178 5870 1
243 5871 1
424 5872 1
424 5873 1
424 5874 1
222 5875 1
147 5876 1
195 5877 1
195 5878 1
195 5879 1
105 5880 1
110 5881 1
424 5882 1
36 5883 1
243 5884 1
243 5885 1
293 5886 1
424 5888 1
424 5889 1
8 5890 1
8 5891 1
77 5892 1
6 5893 1
215 5894 1
273 5895 1
178 5896 1
134 5897 1
229 5898 1
229 5899 1
102 5900 1
222 5901 1
222 5902 1
232 5903 1
189 5904 1
424 5905 1
424 5906 1
205 5907 1
424 5908 1
8 5909 1
246 5910 1
424 5911 1
298 5912 1
233 5913 1
233 5914 1
261 5915 1
555 5916 1
10 5917 1
293 5918 1
531 5919 1
222 5920 1
94 5921 1
211 5922 1
211 5923 1
66 5924 1
136 5925 1
205 5926 1
211 5927 1
535 5928 1
117 5929 1
48 5930 1
91 5931 1
147 5932 1
102 5933 1
424 5934 1
229 5935 1
94 5936 1
258 5937 1
210 5938 1
210 5939 1
552 5940 1
66 5941 1
245 5942 1
36 5943 1
232 5944 1
195 5945 1
261 5946 1
77 5947 1
424 5948 1
232 5949 1
18 5950 1
18 5951 1
424 5952 1
424 5953 1
298 5954 1
43 5955 1
246 5956 1
63 5957 1
222 5958 1
293 5959 1
134 5960 1
253 5961 1
261 5962 1
135 5963 1
165 5964 1
82 5965 1
204 5966 1
204 5967 1
204 5968 1
94 5969 1
424 5970 1
205 5971 1
424 5972 1
424 5973 1
48 5974 1
94 5975 1
232 5976 1
243 5977 1
94 5978 1
232 5979 1
112 5980 1
424 5981 1
84 5982 1
189 5983 1
94 5984 1
91 5985 1
117 5986 1
105 5987 1
275 5988 1
275 5989 1
269 5990 1
63 5991 1
115 5992 1
258 5993 1
66 5994 1
135 5995 1
195 5996 1
112 5997 1
424 5998 1
77 5999 1
8 6000 1
8 6001 1
94 6002 1
243 6003 1
540 6004 1
293 6005 1
210 6006 1
105 6008 1
273 6009 1
52 6011 1
261 6012 1
135 6013 1
159 6014 1
94 6015 1
253 6016 1
253 6017 1
147 6018 1
486 6019 1
102 6020 1
84 6021 1
268 6022 1
4 6023 1
210 6024 1
10 6025 1
101 6026 1
424 6027 1
531 6028 1
91 6029 1
232 6030 1
245 6031 1
204 6032 1
147 6033 1
147 6034 1
229 6035 1
424 6036 1
424 6037 1
424 6038 1
424 6039 1
236 604 1
57 6040 1
210 6041 1
117 6042 1
232 6043 1
94 6044 1
195 6045 1
215 6046 1
135 6047 1
8 6048 1
215 6049 1
210 6050 1
210 6051 1
424 6052 1
102 6053 1
258 6054 1
258 6055 1
268 6056 1
10 6057 1
165 6058 1
253 6059 1
4 6060 1
253 6061 1
205 6062 1
141 6063 1
424 6064 1
243 6065 1
424 6066 1
298 6067 1
298 6068 1
298 6069 1
424 6070 1
424 6071 1
424 6072 1
102 6073 1
50 6074 1
48 6075 1
185 6076 1
207 6077 1
216 6078 1
195 6079 1
205 6080 1
205 6081 1
269 6082 1
215 6083 1
424 6084 1
424 6085 1
424 6086 1
424 6087 1
147 6088 1
136 6089 1
136 6090 1
136 6091 1
136 6092 1
290 6093 1
229 6094 1
210 6095 1
253 6096 1
230 6097 1
189 6098 1
204 6099 1
258 6100 1
195 6101 1
77 6102 1
94 6103 1
136 6104 1
136 6105 1
136 6106 1
136 6107 1
160 6108 1
119 6109 1
205 611 1
298 6110 1
205 6111 1
43 6112 1
205 6113 1
215 6114 1
215 6115 1
195 6116 1
205 6117 1
48 6118 1
77 6119 1
8 6120 1
8 6121 1
48 6122 1
207 6123 1
101 6124 1
227 6125 1
210 6126 1
239 6127 1
230 6128 1
157 613 1
10 6130 1
245 6131 1
194 6132 1
275 6133 1
258 6134 1
132 6135 1
195 6136 1
536 6137 1
8 6138 1
77 6139 1
424 6140 1
48 6141 1
424 6142 1
102 6143 1
102 6144 1
210 6145 1
424 6146 1
101 6147 1
230 6148 1
125 6149 1
232 6150 1
134 6151 1
189 6152 1
44 6153 1
211 6154 1
195 6155 1
211 6156 1
4 6157 1
4 6158 1
424 6159 1
298 6160 1
205 6161 1
205 6162 1
101 6163 1
101 6164 1
165 6165 1
205 6166 1
205 6167 1
205 6168 1
205 6169 1
66 6170 1
239 6171 1
110 6172 1
232 6173 1
134 6174 1
207 6175 1
253 6176 1
8 6177 1
258 6178 1
258 6179 1
94 6180 1
94 6181 1
94 6182 1
298 6183 1
102 6184 1
66 6185 1
195 6186 1
8 6187 1
8 6188 1
424 6189 1
195 619 1
424 6190 1
424 6191 1
424 6192 1
298 6193 1
186 6194 1
210 6195 1
298 6196 1
230 6197 1
101 6198 1
268 6199 1
424 6200 1
232 6201 1
204 6202 1
538 6203 1
77 6204 1
8 6205 1
8 6206 1
48 6207 1
253 6208 1
424 6209 1
424 6210 1
94 6211 1
424 6212 1
117 6213 1
136 6214 1
205 6215 1
229 6216 1
148 6217 1
343 6218 1
105 6219 1
261 6220 1
91 6221 1
232 6222 1
47 6223 1
232 6224 1
205 6225 1
8 6226 1
8 6227 1
48 6228 1
206 6229 1
50 6230 1
253 6231 1
243 6232 1
424 6233 1
424 6234 1
140 6235 1
194 6236 1
105 6237 1
94 6238 1
94 6239 1
4 6240 1
165 6241 1
205 6242 1
102 6243 1
8 6244 1
8 6245 1
194 6246 1
207 6247 1
178 6248 1
77 6249 1
253 6250 1
94 6251 1
424 6252 1
210 6253 1
180 6254 1
510 6255 1
110 6256 1
94 6257 1
260 6258 1
258 6259 1
205 6260 1
91 6261 1
48 6262 1
48 6263 1
91 6264 1
243 6265 1
253 6266 1
77 6267 1
136 6268 1
84 6269 1
205 627 1
6 6270 1
210 6271 1
3 6272 1
210 6273 1
232 6274 1
205 6275 1
95 6276 1
253 6277 1
195 6278 1
205 6279 1
94 6280 1
243 6281 1
229 6282 1
102 6283 1
222 6284 1
508 6285 1
178 6286 1
424 6287 1
424 6288 1
424 6289 1
94 6290 1
293 6291 1
91 6292 1
52 6293 1
52 6294 1
8 6295 1
8 6296 1
48 6297 1
101 6298 1
222 6299 1
186 6300 1
424 6301 1
424 6302 1
16 6303 1
232 6304 1
232 6305 1
215 6306 1
245 6307 1
189 6308 1
135 6309 1
134 6310 1
275 6311 1
77 6312 1
424 6313 1
424 6314 1
253 6315 1
50 6316 1
124 6317 1
232 6318 1
178 6319 1
94 6320 1
94 6321 1
232 6322 1
544 6323 1
222 6324 1
91 6325 1
189 6326 1
207 6327 1
233 6328 1
22 6329 1
258 6330 1
195 6331 1
229 6332 1
48 6333 1
424 6334 1
147 6335 1
62 6336 1
16 6337 1
101 6338 1
195 6339 1
293 6340 1
94 6341 1
94 6342 1
195 6343 1
194 6344 1
105 6345 1
115 6346 1
204 6347 1
273 6348 1
233 6349 1
115 6350 1
273 6351 1
99 6352 1
253 6353 1
253 6354 1
48 6355 1
424 6356 1
8 6357 1
136 6358 1
10 6359 1
136 6360 1
243 6361 1
163 6362 1
235 6363 1
94 6364 1
94 6365 1
91 6366 1
531 6367 1
229 6368 1
253 6369 1
195 637 1
77 6370 1
216 6371 1
178 6372 1
178 6373 1
424 6374 1
210 6375 1
94 6376 1
10 6377 1
269 6378 1
101 6379 1
115 6380 1
165 6381 1
229 6382 1
135 6383 1
90 6384 1
8 6385 1
8 6386 1
8 6387 1
77 6388 1
102 6389 1
261 639 1
69 6390 1
424 6391 1
268 6392 1
23 6393 1
50 6394 1
48 6395 1
10 6396 1
298 6397 1
298 6398 1
146 6399 1
196 6400 1
135 6401 1
8 6402 1
48 6403 1
222 6404 1
222 6405 1
191 6406 1
6 6407 1
6 6408 1
101 6409 1
424 6410 1
102 6411 1
210 6412 1
91 6413 1
91 6414 1
211 6415 1
8 6416 1
57 6417 1
91 6418 1
8 6419 1
253 6420 1
105 6421 1
105 6422 1
147 6423 1
424 6424 1
268 6425 1
34 6426 1
207 6427 1
91 6428 1
101 6429 1
205 643 1
196 6430 1
134 6431 1
77 6432 1
8 6433 1
77 6434 1
8 6435 1
8 6436 1
8 6437 1
102 6438 1
94 6439 1
424 6440 1
222 6441 1
16 6442 1
91 6443 1
117 6444 1
258 6445 1
91 6446 1
91 6447 1
127 6448 1
298 6449 1
126 6450 1
52 6451 1
8 6452 1
48 6453 1
178 6454 1
91 6455 1
102 6456 1
136 6457 1
136 6458 1
16 6459 1
486 646 1
6 6460 1
83 6461 1
298 6462 1
91 6463 1
424 6464 1
424 6465 1
232 6466 1
36 6467 1
36 6468 1
36 6469 1
210 6470 1
124 6471 1
91 6472 1
135 6473 1
91 6474 1
77 6475 1
77 6476 1
91 6477 1
91 6478 1
8 6479 1
424 6480 1
424 6481 1
424 6482 1
178 6483 1
34 6484 1
424 6485 1
147 6486 1
205 6487 1
6 6488 1
258 6489 1
83 6490 1
136 6491 1
94 6492 1
282 6493 1
102 6494 1
540 6495 1
229 6496 1
91 6497 1
195 6498 1
94 6499 1
62 6500 1
91 6501 1
195 6502 1
94 6503 1
243 6504 1
75 6505 1
222 6506 1
10 6507 1
91 6508 1
195 6509 1
9 6510 1
94 6511 1
4 6512 1
424 6513 1
215 6514 1
222 6515 1
205 6516 1
94 6517 1
50 6518 1
258 6519 1
4 6520 1
101 6521 1
4 6522 1
210 6523 1
258 6524 1
282 6525 1
253 6526 1
94 6527 1
10 6528 1
91 6529 1
195 6530 1
205 6531 1
205 6532 1
205 6533 1
8 6534 1
10 6535 1
229 6536 1
84 6537 1
424 6538 1
215 6539 1
91 6540 1
101 6541 1
101 6542 1
261 6543 1
52 6544 1
165 6545 1
189 6546 1
8 6547 1
8 6548 1
8 6549 1
8 6550 1
48 6551 1
205 6552 1
243 6553 1
273 6554 1
540 6555 1
50 6556 1
235 6557 1
210 6558 1
186 6559 1
273 656 1
101 6560 1
91 6561 1
91 6562 1
91 6563 1
245 6564 1
105 6565 1
135 6566 1
211 6567 1
57 6568 1
94 6569 1
205 6570 1
94 6571 1
43 6572 1
115 6573 1
6 6574 1
222 6575 1
94 6576 1
85 6577 1
232 6578 1
424 6579 1
136 6580 1
136 6581 1
424 6582 1
110 6583 1
275 6584 1
506 6585 1
215 6586 1
211 6587 1
77 6588 1
205 6589 1
205 6590 1
94 6591 1
94 6592 1
84 6593 1
210 6594 1
127 6595 1
222 6596 1
222 6597 1
215 6598 1
10 6599 1
91 6600 1
105 6601 1
94 6602 1
424 6603 1
424 6604 1
75 6605 1
8 6606 1
94 6607 1
147 6608 1
147 6609 1
424 6610 1
424 6611 1
80 6612 1
80 6613 1
84 6614 1
94 6615 1
293 6616 1
94 6617 1
222 6618 1
222 6619 1
91 6620 1
91 6621 1
486 6622 1
4 6623 1
232 6624 1
52 6625 1
211 6626 1
8 6627 1
102 6628 1
424 6629 1
424 6630 1
94 6631 1
424 6632 1
424 6633 1
424 6634 1
205 6635 1
205 6636 1
6 6637 1
258 6638 1
18 6639 1
258 6640 1
101 6641 1
10 6642 1
80 6643 1
204 6645 1
261 6646 1
52 6647 1
69 6648 1
231 6649 1
102 6650 1
215 6651 1
424 6652 1
76 6653 1
253 6654 1
205 6655 1
253 6656 1
243 6657 1
298 6658 1
80 6659 1
105 6660 1
269 6661 1
269 6662 1
171 6663 1
185 6664 1
135 6665 1
91 6666 1
186 6667 1
8 6668 1
165 6669 1
293 6670 1
6 6671 1
136 6672 1
210 6673 1
147 6674 1
91 6675 1
204 6676 1
205 6677 1
10 6678 1
540 6679 1
101 6680 1
424 6681 1
186 6682 1
48 6683 1
80 6684 1
253 6685 1
253 6686 1
62 6687 1
8 6688 1
48 6689 1
424 6690 1
424 6691 1
424 6692 1
3 6693 1
235 6694 1
136 6695 1
215 6696 1
83 6697 1
83 6698 1
83 6699 1
312 67 1
102 6700 1
293 6701 1
540 6702 1
49 6703 1
230 6704 1
91 6705 1
159 6707 1
34 6708 1
79 6709 1
77 6710 1
102 6711 1
102 6712 1
102 6713 1
73 6714 1
243 6715 1
196 6716 1
229 6717 1
424 6718 1
91 6719 1
136 6720 1
136 6721 1
230 6722 1
424 6723 1
232 6724 1
135 6725 1
278 6726 1
211 6727 1
258 6728 1
77 6729 1
94 6730 1
178 6731 1
253 6732 1
94 6733 1
424 6734 1
16 6735 1
73 6736 1
269 6737 1
101 6738 1
91 6739 1
210 6740 1
231 6741 1
94 6742 1
243 6743 1
4 6744 1
243 6745 1
243 6746 1
91 6747 1
125 6748 1
75 6749 1
232 6750 1
192 6751 1
135 6752 1
8 6753 1
48 6754 1
4 6755 1
83 6756 1
253 6757 1
424 6758 1
253 6759 1
195 6760 1
36 6761 1
210 6762 1
424 6763 1
6 6764 1
79 6765 1
290 6766 1
117 6767 1
94 6768 1
230 6769 1
552 6770 1
552 6771 1
205 6772 1
8 6773 1
83 6774 1
77 6775 1
147 6776 1
215 6777 1
215 6778 1
136 6779 1
210 6780 1
186 6781 1
424 6782 1
293 6783 1
293 6784 1
94 6785 1
94 6786 1
211 6787 1
261 6788 1
186 6789 1
245 6790 1
232 6791 1
16 6792 1
243 6793 1
243 6794 1
84 6795 1
243 6796 1
84 6797 1
191 6798 1
424 6799 1
424 6800 1
210 6801 1
424 6802 1
155 6803 1
6 6804 1
261 6805 1
552 6806 1
94 6807 1
8 6808 1
195 6809 1
4 6810 1
165 6811 1
77 6812 1
102 6813 1
50 6814 1
94 6815 1
94 6816 1
424 6817 1
94 6818 1
293 6819 1
205 6820 1
91 6821 1
232 6822 1
298 6823 1
10 6824 1
69 6825 1
540 6826 1
269 6827 1
49 6828 1
230 6829 1
59 6830 1
229 6831 1
258 6832 1
77 6833 1
77 6834 1
136 6835 1
136 6836 1
424 6837 1
94 6838 1
18 6840 1
424 6841 1
18 6842 1
91 6843 1
205 6844 1
10 6845 1
10 6846 1
165 6847 1
182 697 1
486 70 1
59 731 1
188 735 1
486 739 1
208 746 1
182 749 1
312 751 1
3 757 1
117 769 1
195 78 1
95 807 1
195 885 1
261 909 1
113 960 1
