292 1064 1
69 1106 1
113 1125 1
292 1136 1
292 1154 1
113 1170 1
205 1170 1
292 1179 1
424 1186 1
211 1188 1
292 1188 1
69 1190 1
113 1190 1
424 1200 1
186 1216 1
186 1220 1
69 1255 1
124 1274 1
296 1291 1
186 1310 1
69 1310 1
69 1415 1
124 1415 1
186 1483 1
186 1485 1
486 1486 1
188 1487 1
486 1487 1
186 1490 1
186 1491 1
486 1492 1
186 1492 1
284 1492 1
510 1492 1
69 1492 1
195 1492 1
186 1493 1
226 1493 1
90 1493 1
186 1494 1
535 1494 1
211 1494 1
90 1494 1
486 1495 1
412 1495 1
296 1495 1
269 1495 1
222 1495 1
275 1495 1
126 1495 1
94 1495 1
302 1495 1
245 1495 1
261 1495 1
108 1495 1
233 1495 1
232 1495 1
211 1495 1
85 1495 1
180 1495 1
235 1495 1
548 1495 1
185 1495 1
159 1495 1
298 1495 1
203 1495 1
561 1495 1
555 1495 1
127 1495 1
405 1495 1
62 1495 1
539 1495 1
40 1495 1
29 1495 1
33 1495 1
186 1495 1
90 1495 1
140 1495 1
538 1495 1
266 1495 1
16 1495 1
532 1495 1
544 1495 1
200 1495 1
110 1495 1
193 1495 1
531 1495 1
549 1495 1
184 1495 1
189 1495 1
543 1495 1
273 1495 1
194 1495 1
535 1495 1
69 1495 1
207 1495 1
537 1495 1
134 1495 1
9 1495 1
59 1495 1
18 1495 1
248 1495 1
171 1495 1
540 1495 1
513 1495 1
234 1495 1
66 1495 1
146 1495 1
541 1495 1
52 1495 1
124 1495 1
113 1495 1
47 1495 1
267 1495 1
226 1495 1
243 1495 1
163 1495 1
91 1495 1
205 1495 1
99 1495 1
550 1495 1
191 1495 1
77 1495 1
188 1495 1
136 1495 1
295 1495 1
210 1495 1
284 1495 1
204 1495 1
43 1495 1
209 1495 1
36 1495 1
241 1495 1
183 1495 1
282 1495 1
536 1495 1
175 1495 1
216 1495 1
249 1495 1
552 1495 1
138 1495 1
158 1495 1
148 1495 1
344 1495 1
554 1495 1
65 1495 1
424 1495 1
508 1495 1
212 1495 1
7 1495 1
206 1495 1
54 1495 1
50 1495 1
165 1495 1
144 1495 1
122 1495 1
506 1495 1
41 1495 1
192 1495 1
86 1495 1
74 1495 1
103 1495 1
231 1495 1
79 1495 1
260 1495 1
239 1495 1
45 1495 1
155 1495 1
255 1495 1
123 1495 1
228 1495 1
21 1495 1
44 1495 1
83 1495 1
76 1495 1
95 1495 1
253 1495 1
615 1495 1
268 1495 1
229 1495 1
4 1495 1
31 1495 1
141 1495 1
258 1495 1
195 1495 1
486 1496 1
284 1496 1
134 1497 1
486 1497 1
59 1497 1
296 1497 1
66 1497 1
49 1497 1
424 1497 1
486 1498 1
141 1498 1
284 1498 1
66 1498 1
90 1498 1
588 1498 1
537 1499 1
113 1499 1
140 1500 1
235 1500 1
537 1500 1
195 1500 1
113 1500 1
186 1500 1
99 1500 1
140 1501 1
186 1501 1
537 1501 1
148 1501 1
195 1501 1
113 1501 1
79 1501 1
235 1502 1
261 1502 1
273 1502 1
185 1502 1
85 1502 1
148 1502 1
186 1502 1
203 1503 1
140 1503 1
537 1503 1
148 1503 1
195 1503 1
113 1503 1
186 1503 1
79 1503 1
561 1504 1
140 1504 1
144 1504 1
537 1504 1
148 1504 1
113 1504 1
486 1505 1
185 1505 1
52 1505 1
232 1505 1
171 1505 1
269 1505 1
204 1505 1
211 1505 1
261 1505 1
16 1505 1
99 1505 1
548 1505 1
284 1505 1
59 1505 1
222 1505 1
83 1505 1
212 1505 1
298 1505 1
9 1505 1
40 1505 1
245 1505 1
48 1505 1
33 1505 1
189 1505 1
90 1505 1
159 1505 1
62 1505 1
7 1505 1
535 1505 1
124 1505 1
206 1505 1
113 1505 1
54 1505 1
193 1505 1
50 1505 1
233 1505 1
537 1505 1
561 1505 1
405 1505 1
235 1505 1
555 1505 1
203 1505 1
255 1505 1
186 1505 1
536 1505 1
94 1505 1
165 1505 1
69 1505 1
508 1505 1
188 1505 1
526 1505 1
273 1505 1
248 1505 1
539 1505 1
134 1505 1
122 1505 1
506 1505 1
234 1505 1
424 1505 1
47 1505 1
243 1505 1
210 1505 1
18 1505 1
275 1505 1
546 1505 1
41 1505 1
184 1505 1
552 1505 1
207 1505 1
549 1505 1
36 1505 1
66 1505 1
538 1505 1
31 1505 1
192 1505 1
86 1505 1
543 1505 1
407 1505 1
532 1505 1
74 1505 1
148 1505 1
103 1505 1
544 1505 1
231 1505 1
138 1505 1
79 1505 1
209 1505 1
260 1505 1
239 1505 1
195 1505 1
247 1505 1
155 1505 1
542 1505 1
194 1505 1
123 1505 1
180 1505 1
550 1505 1
95 1505 1
561 1506 1
486 1507 1
537 1507 1
113 1507 1
79 1507 1
561 1508 1
24 1508 1
144 1508 1
148 1508 1
113 1508 1
186 1508 1
79 1508 1
295 1508 1
486 1509 1
561 1509 1
537 1509 1
148 1509 1
113 1509 1
186 1509 1
140 1510 1
23 1510 1
537 1510 1
148 1510 1
113 1510 1
79 1510 1
140 1511 1
235 1511 1
186 1511 1
273 1511 1
148 1511 1
195 1511 1
113 1511 1
79 1511 1
140 1512 1
537 1512 1
148 1512 1
113 1512 1
186 1512 1
79 1512 1
537 1513 1
148 1513 1
113 1513 1
79 1513 1
148 1514 1
195 1514 1
140 1515 1
186 1515 1
537 1515 1
148 1515 1
113 1515 1
79 1515 1
140 1516 1
235 1516 1
148 1516 1
79 1516 1
195 1516 1
113 1516 1
275 1516 1
509 1516 1
613 1516 1
235 1517 1
486 1517 1
273 1517 1
148 1517 1
113 1517 1
79 1517 1
195 1517 1
148 1518 1
186 1519 1
537 1519 1
113 1519 1
195 1519 1
140 1520 1
235 1520 1
537 1520 1
113 1520 1
124 1520 1
486 1520 1
186 1520 1
79 1520 1
195 1520 1
113 1521 1
138 1522 1
140 1522 1
186 1522 1
148 1522 1
195 1522 1
113 1522 1
140 1523 1
537 1523 1
195 1523 1
113 1523 1
186 1523 1
124 1523 1
99 1523 1
205 1523 1
186 1524 1
140 1524 1
23 1524 1
537 1524 1
148 1524 1
195 1524 1
113 1524 1
79 1524 1
138 1526 1
148 1526 1
486 1527 1
273 1527 1
486 1529 1
273 1529 1
124 1533 1
124 1534 1
486 1535 1
526 1536 1
124 1536 1
346 1542 1
298 1543 1
124 1543 1
124 1548 1
124 1549 1
486 1549 1
124 1550 1
486 1550 1
296 1550 1
124 1555 1
124 1556 1
615 1556 1
124 1557 1
486 1558 1
124 1558 1
124 1559 1
124 1560 1
124 1561 1
124 1562 1
275 1563 1
345 1564 1
124 1565 1
124 1567 1
124 1570 1
124 1571 1
124 1572 1
79 1572 1
424 1573 1
124 1576 1
91 1576 1
124 1577 1
486 1577 1
18 1577 1
216 1577 1
245 1577 1
217 1577 1
136 1577 1
204 1577 1
401 1577 1
282 1577 1
405 1577 1
47 1577 1
261 1577 1
222 1577 1
180 1577 1
295 1577 1
232 1577 1
185 1577 1
66 1577 1
90 1577 1
275 1577 1
424 1577 1
122 1577 1
31 1577 1
189 1577 1
16 1577 1
155 1577 1
99 1577 1
43 1577 1
27 1577 1
298 1577 1
408 1577 1
270 1577 1
84 1577 1
538 1577 1
540 1577 1
73 1577 1
85 1577 1
506 1577 1
211 1577 1
191 1577 1
5 1577 1
304 1577 1
59 1577 1
302 1577 1
134 1577 1
159 1577 1
124 1578 1
486 1578 1
18 1578 1
204 1578 1
282 1578 1
222 1578 1
180 1578 1
295 1578 1
217 1578 1
188 1578 1
239 1578 1
232 1578 1
134 1578 1
258 1578 1
185 1578 1
113 1578 1
207 1578 1
66 1578 1
205 1578 1
90 1578 1
540 1578 1
535 1578 1
424 1578 1
275 1578 1
59 1578 1
526 1578 1
62 1578 1
47 1578 1
555 1578 1
243 1578 1
229 1578 1
195 1578 1
548 1578 1
40 1578 1
234 1578 1
16 1578 1
99 1578 1
43 1578 1
49 1578 1
506 1578 1
304 1578 1
50 1578 1
302 1578 1
90 1579 1
207 1580 1
424 1580 1
275 1580 1
486 1581 1
124 1581 1
124 1582 1
124 1586 1
43 1587 1
232 1588 1
124 1591 1
195 1593 1
604 1606 1
312 614 1
346 874 1
69 896 1
186 901 1
205 904 1
69 913 1
186 914 1
