8187 1 1
8187 525 1
8190 1 1
8477 134 1
8580 124 1
8590 124 1
8590 144 1
8614 319 1
8707 134 1
8731 134 1
8848 134 1
8849 134 1
8973 613 1
8980 513 1
8980 302 1
8980 559 1
8980 502 1
8980 79 1
8980 613 1
8980 496 1
8981 211 1
8981 79 1
8985 143 1
8985 185 1
8985 211 1
8985 134 1
8986 185 1
8987 226 1
8987 195 1
8988 496 1
8989 185 1
8991 185 1
8991 508 1
8991 20 1
8993 619 1
8994 79 1
8995 258 1
8995 281 1
8995 540 1
8997 508 1
8998 211 1
9001 185 1
9002 144 1
9003 526 1
9003 496 1
9006 185 1
9007 185 1
9009 79 1
9010 185 1
9012 211 1
9016 185 1
9017 185 1
9023 185 1
9024 185 1
9026 185 1
9026 69 1
9032 79 1
9038 185 1
9043 69 1
9045 245 1
9048 79 1
9050 185 1
9055 134 1
9056 295 1
9056 226 1
9057 185 1
9059 185 1
9064 185 1
9067 185 1
9068 79 1
9072 185 1
9078 211 1
9080 79 1
9082 143 1
9087 57 1
9087 79 1
9089 185 1
9092 185 1
9098 79 1
9099 319 1
9109 185 1
9109 45 1
9116 211 1
9118 196 1
9118 134 1
9119 185 1
9120 79 1
9121 185 1
9128 185 1
9130 185 1
9136 211 1
9138 185 1
9146 258 1
9148 185 1
9161 134 1
9161 185 1
9161 502 1
9165 124 1
9168 185 1
9172 185 1
9173 185 1
9178 185 1
9178 485 1
9179 224 1
9182 319 1
9183 185 1
9192 124 1
9192 486 1
9194 485 1
9194 486 1
9194 186 1
9198 79 1
9200 211 1
9209 134 1
9212 185 1
9213 134 1
9216 185 1
9217 185 1
9219 245 1
9221 319 1
9223 186 1
9223 79 1
9224 319 1
9224 261 1
9226 211 1
9227 191 1
9227 186 1
9228 211 1
9229 20 1
9231 185 1
9237 185 1
9237 211 1
9238 212 1
9238 191 1
9239 185 1
9246 185 1
9247 185 1
9250 124 1
9253 185 1
9264 79 1
9278 36 1
9282 134 1
9289 319 1
9300 36 1
9301 185 1
9302 546 1
9305 212 1
9305 261 1
9310 319 1
9321 134 1
9328 485 1
9328 319 1
9330 134 1
4209 124 1
5441 193 1
7412 65 1
7546 124 1
7585 193 1
7950 119 1
8048 193 1
8388 65 1
8457 175 1
8590 227 1
8595 124 1
8597 231 1
8627 63 1
8791 124 1
8812 124 1
8821 233 1
8847 175 1
8850 40 1
8882 65 1
8933 31 1
8958 92 1
8981 83 1
8991 204 1
8992 25 1
8997 235 1
9007 191 1
9009 165 1
9011 397 1
9011 77 1
9016 407 1
9024 182 1
9033 138 1
9036 229 1
9037 124 1
9038 235 1
9050 196 1
9053 270 1
9067 142 1
9070 99 1
9071 99 1
9081 243 1
9084 227 1
9085 2 1
9087 63 1
9093 211 1
9097 243 1
9098 194 1
9100 194 1
9106 550 1
9107 232 1
9109 554 1
9116 544 1
9117 208 1
9123 182 1
9124 64 1
9127 233 1
9128 186 1
9129 86 1
9130 186 1
9133 409 1
9138 198 1
9140 62 1
9141 151 1
9146 95 1
9156 110 1
9160 40 1
9161 24 1
9162 69 1
9165 73 1
9167 127 1
9174 72 1
9175 148 1
9176 547 1
9177 267 1
9180 82 1
9184 232 1
9188 248 1
9189 32 1
9194 124 1
9203 134 1
9205 195 1
9206 195 1
9208 195 1
9211 220 1
9212 163 1
9216 187 1
9221 201 1
9223 245 1
9226 141 1
9228 108 1
9229 226 1
9233 144 1
9237 163 1
9238 175 1
9242 107 1
9245 226 1
9247 193 1
9248 29 1
9259 181 1
9264 225 1
9271 38 1
9277 249 1
9278 41 1
9283 221 1
9296 550 1
9299 21 1
9300 31 1
9302 532 1
9304 103 1
9307 248 1
9311 99 1
9312 538 1
9315 144 1
9319 66 1
9326 223 1
9330 90 1
9331 40 1
